
1 999 999 999
0 2 999 999
1 3 999 999
2 4 999 999
3 5 999 999
4 6 999 999
5 7 999 999
6 8 999 999
7 9 999 999
8 10 999 999
9 11 999 999
10 12 999 999
11 13 999 999
12 14 999 999
13 15 999 999
14 16 999 999
15 17 999 999
16 18 999 999
17 19 999 999
18 20 999 999
19 21 999 999
20 22 999 999
21 23 999 999
22 24 999 999
23 25 999 999
24 26 999 999
25 27 999 999
26 28 999 999
27 29 999 999
28 30 999 999
29 31 999 999
30 32 999 999
31 33 999 999
32 34 999 999
33 35 999 999
34 36 999 999
35 37 999 999
36 38 999 999
37 39 999 999
38 40 999 999
39 41 999 999
40 42 999 999
41 43 999 999
42 45 999 999
45 999 999 999
43 999 46 999
45 47 999 999
46 48 999 999
47 49 999 999
48 44 999 999



10 10 10 0
10 10 10 1
10 10 10 2
10 10 10 3
10 10 10 4
10 10 10 5
10 10 10 6
10 10 10 7
10 10 10 8
10 10 10 9
10 10 10 10
10 10 10 11
10 10 10 12 
10 10 10 13
10 10 10 14
10 10 10 15
10 10 10 16
10 10 10 17
10 10 10 18
10 10 10 19
10 10 10 20
10 10 10 21
10 10 10 22
10 10 10 23
10 10 10 24
10 10 10 25
10 10 10 26
10 10 10 27
10 10 10 28
10 10 10 29
10 10 10 30
10 10 10 31
10 10 10 32
10 10 10 33
10 10 10 34
10 10 10 35
10 10 10 36
10 10 10 37
10 10 10 38
10 10 10 39
10 10 10 40
10 10 10 41
10 10 10 42
10 10 10 43
10 10 10 44
10 1 1 45
1 1 1 46
1 1 1 47
1 1 1 48
10 1 1 49
