89, 22, 95, 240
89, 22, 96, 224
89, 22, 96, 225
89, 22, 93, 222
89, 22, 96, 224
140, 177, 197, 535
139, 177, 196, 531
140, 177, 195, 530
89, 22, 93, 222
89, 22, 94, 223
88, 22, 94, 222
89, 22, 97, 225
90, 22, 97, 227
140, 177, 198, 533
140, 177, 196, 532
140, 177, 196, 531
142, 177, 195, 532
139, 177, 197, 532
242, 859, 837, 1965
243, 889, 785, 1935
240, 865, 426, 1550
241, 876, 554, 1689
241, 749, 669, 1677
444, 2536, 2202, 5212
445, 2467, 2113, 5044
444, 2430, 2092, 4985
444, 2418, 2106, 4987
444, 2407, 2548, 5418
778, 9592, 7318, 17718
777, 9668, 7510, 17974
798, 9672, 7505, 17994
822, 9593, 7794, 18228
772, 9520, 7893, 18204
1236, 38883, 28987, 69127
1182, 38793, 29021, 69014
1157, 38768, 29498, 69441
1182, 38845, 28916, 68963
1181, 38881, 29262, 69342
1945, 157291, 113204, 272465
155, 22, 131, 384
159, 22, 127, 384
82, 22, 410, 672
159, 22, 125, 363
153, 22, 133, 376
209, 177, 210, 665
216, 177, 225, 658
216, 177, 434, 894
211, 177, 232, 664
290, 177, 459, 981
316, 897, 969, 2259
320, 772, 738, 1901
317, 677, 1015, 2080
316, 862, 996, 2232
320, 867, 1125, 2376
516, 2378, 3369, 6342
524, 2449, 2991, 6038
524, 2518, 3124, 6242
430, 2323, 3246, 6159
524, 2497, 3189, 6279
878, 9571, 12080, 22602
902, 9543, 12875, 23387
858, 9550, 12619, 23101
944, 9589, 12672, 23276
913, 9579, 12170, 22761
1325, 38857, 47582, 87838
1273, 38781, 48727, 88853
1274, 38945, 47319, 87598
1389, 38926, 48834, 89226
1325, 38715, 48501, 88612
2020, 156520, 193898, 352517
2082, 157613, 193858, 353632
2018, 156490, 200416, 358995
2090, 156365, 194410, 352940
1970, 156079, 193598, 351725
132, 15, 428, 735
209, 15, 131, 432
210, 15, 117, 414
209, 15, 127, 423
216, 15, 125, 429
791, 49, 533, 1446
896, 98, 228, 1301
773, 49, 298, 1195
796, 49, 290, 1205
838, 49, 558, 1518
2051, 193, 1129, 3446
1974, 194, 1406, 3639
2021, 194, 1153, 3434
2059, 194, 1206, 3533
1944, 194, 1208, 3414
12737, 1541, 9525, 23874
12636, 1540, 9730, 23984
12505, 1538, 9409, 23529
12709, 1535, 9534, 23857
12577, 1537, 9707, 23899
130609, 12337, 40642, 183666
131237, 12439, 41053, 184799
132027, 12501, 40196, 184791
131423, 12360, 40090, 183941
130797, 12312, 40521, 183699
292, 168, 231, 766
292, 168, 241, 768
213, 168, 525, 1067
292, 168, 247, 776
296, 170, 219, 759
474, 725, 1508, 2781
396, 817, 1245, 2638
475, 887, 1351, 2788
295, 169, 247, 779
286, 168, 262, 783
213, 168, 542, 1075
291, 169, 233, 764
291, 168, 247, 777
480, 717, 1204, 2470
395, 679, 935, 2168
474, 853, 1424, 2826
485, 851, 1073, 2479
398, 799, 1191, 2572
825, 3988, 5693, 10582
805, 4008, 5835, 10720
812, 3997, 5423, 10307
738, 3867, 5284, 10045
660, 3860, 5506, 10167
1214, 17968, 23372, 42629
1091, 18235, 23031, 42430
1079, 17971, 24119, 43289
1185, 18018, 24251, 43530
1062, 18003, 23964, 43182
1700, 75229, 96713, 173712
1931, 75479, 96511, 173994
1692, 75212, 96114, 173092
1692, 75544, 96742, 174051
1745, 75650, 99135, 176605
3073, 305743, 388528, 697421
3127, 306444, 403321, 713049
3106, 307366, 396104, 706639
2955, 306536, 388221, 697781
3057, 306145, 390200, 699561
5441, 1233887, 1563248, 2802735
5671, 1237242, 1574340, 2817326
5729, 1242795, 1575714, 2824316
5622, 1234359, 1525548, 2765601
5749, 1237466, 1542501, 2785781
475, 117, 387, 1053
474, 119, 391, 1051
484, 117, 396, 1071
475, 117, 382, 1053
398, 105, 415, 1104
1865, 386, 3748, 6078
1753, 387, 3814, 6076
1893, 386, 3586, 5938
1667, 386, 3943, 6080
1755, 387, 3824, 6038
5647, 1527, 15641, 22887
5736, 1531, 15420, 22763
5792, 1530, 15581, 22980
5612, 1531, 15749, 22963
5594, 1533, 15502, 22705
121446, 12273, 46911, 180775
120259, 12257, 48207, 180803
120465, 12249, 48564, 181348
119061, 12223, 47721, 179084
120482, 12551, 47175, 180279
1111546, 98475, 296338, 1506428
1115971, 98371, 297942, 1512363
1113403, 98636, 296692, 1508810
1112877, 98024, 296933, 1507910
1129280, 98490, 300699, 1528543
283, 168, 242, 777
285, 168, 238, 763
291, 168, 234, 770
290, 169, 261, 795
271, 168, 244, 789
475, 806, 1135, 2493
481, 697, 1216, 2467
477, 699, 1097, 2348
476, 774, 1164, 2485
497, 905, 1321, 2793
821, 4002, 5745, 10641
720, 3872, 5473, 10131
796, 3863, 5355, 10081
795, 4016, 5430, 10293
813, 4001, 5600, 10493
1262, 18181, 23394, 42911
1180, 17955, 23295, 42504
1222, 17966, 23381, 42641
1087, 17935, 23309, 42401
1051, 17932, 24269, 43320
1884, 75238, 98444, 175634
1917, 75217, 100119, 177329
1766, 75132, 97656, 174628
1757, 75201, 98052, 175077
1842, 75114, 97947, 174980
3190, 307370, 377648, 688281
3085, 305934, 385776, 694870
3053, 307194, 400313, 710630
3130, 305742, 377892, 686838
3084, 306504, 397954, 707608
5298, 1239506, 1548402, 2793278
5762, 1232865, 1518451, 2757155
5650, 1237663, 1592004, 2835390
5774, 1237556, 1562608, 2806011
5572, 1234814, 1542445, 2782909
474, 117, 398, 1063
476, 118, 387, 1058
486, 117, 391, 1069
476, 107, 402, 1061
474, 113, 624, 1289
1680, 385, 3834, 5935
1727, 386, 3819, 6009
1806, 386, 3768, 6039
1872, 385, 3680, 6010
1850, 385, 3722, 6023
5697, 1548, 15323, 22633
5707, 1528, 15230, 22536
5752, 1553, 15182, 22566
5561, 1531, 15587, 22746
5781, 1531, 15533, 22923
120130, 12381, 46667, 179252
120091, 12319, 46675, 179156
120855, 12706, 45924, 179554
122431, 12773, 46718, 181995
122502, 12676, 46756, 182008
1116313, 98285, 299246, 1513913
1113155, 98139, 299209, 1510578
1118757, 98014, 299154, 1516003
1108903, 97998, 296455, 1503432
1112071, 98449, 297117, 1507711
1193, 623, 1899, 3793
1068, 623, 1990, 3756
1229, 622, 1810, 3731
1099, 623, 1915, 3712
1149, 622, 1907, 3754
1833, 2489, 4256, 8651
1901, 2490, 4199, 8669
1850, 2497, 4221, 8638
1903, 2491, 4297, 8762
1863, 2493, 4138, 8569
3186, 9647, 14461, 27366
3180, 9554, 14220, 27028
3029, 9556, 13724, 26386
3180, 9574, 13694, 26511
2970, 9569, 13743, 26350
5698, 37229, 51865, 94870
5711, 37162, 50553, 93501
5760, 37181, 50416, 93431
5690, 37155, 51008, 93919
5566, 37150, 50588, 93382
15457, 147629, 189923, 353077
14807, 146622, 189557, 351056
15543, 147347, 185933, 348895
15677, 147101, 191193, 354041
15554, 148015, 191566, 355206
49947, 586586, 782704, 1419316
50671, 585986, 739534, 1376263
50197, 586428, 741905, 1378596
49114, 587812, 757266, 1394268
49385, 586783, 752502, 1388748
122355, 2350073, 3077923, 5550429
120657, 2346139, 3083240, 5550107
